0 0.00000 0.00000 0 0
1 1.00000 0.00000 1 1
2 1.98974 0.10077 2 1
3 2.97068 0.16918 3 1
4 3.94128 0.23772 4 2
5 4.89994 0.30876 5 2
6 5.85068 0.37468 6 3
7 6.79182 0.43987 7 4
8 7.72384 0.50551 8 4
9 8.64630 0.56710 9 5
10 9.55906 0.62894 10 5
11 10.46160 0.69133 11 6
12 11.35618 0.75122 12 7
13 12.24346 0.80685 13 7
14 13.12238 0.86437 14 8
15 13.98996 0.92028 15 8
16 14.85080 0.97499 16 9
17 15.70262 1.03143 17 10
18 16.54496 1.08621 18 10
19 17.37948 1.13996 19 11
20 18.20532 1.19194 20 12
21 19.02312 1.24260 21 13
22 19.83290 1.29419 22 14
23 20.63322 1.34349 23 14
24 21.42628 1.38721 24 14
25 22.21026 1.43374 25 15
26 22.99054 1.47852 26 16
27 23.76352 1.52063 27 17
28 24.52530 1.56442 28 17
29 25.28102 1.60349 29 18
30 26.02792 1.64670 30 19
31 26.76578 1.68891 31 19
32 27.49772 1.72914 32 20
33 28.21976 1.77165 33 21
34 28.93768 1.81090 34 21
35 29.64518 1.85015 35 21
36 30.34858 1.88897 36 22
37 31.04470 1.92237 37 23
38 31.73346 1.95752 38 24
39 32.41820 1.99524 39 24
40 33.09590 2.03122 40 25
41 33.76388 2.06621 41 25
42 34.42452 2.09726 41 25
43 35.08020 2.12940 42 26
44 35.73014 2.16215 43 26
45 36.37248 2.19176 44 26
46 37.01156 2.22133 45 27
47 37.64246 2.24939 46 27
48 38.26546 2.27659 46 27
49 38.88070 2.30497 47 28
50 39.49368 2.33215 48 28
51 40.10202 2.36104 48 28
52 40.70552 2.38580 49 29
53 41.29706 2.40928 50 30
54 41.88200 2.43316 50 30
55 42.46070 2.45924 51 31
56 43.03690 2.48032 52 32
57 43.60638 2.50111 53 33
58 44.17116 2.52361 54 34
59 44.72860 2.54616 55 34
60 45.28198 2.57207 56 35
61 45.82728 2.59848 57 35
62 46.36908 2.62214 58 35
63 46.89908 2.64229 58 36
64 47.43098 2.66096 58 36
65 47.95672 2.68151 58 36
66 48.47712 2.70187 59 37
67 48.99306 2.72267 59 37
68 49.50502 2.74664 60 38
69 50.00824 2.76335 61 38
70 50.50828 2.78293 62 39
71 50.99714 2.79937 62 39
72 51.48554 2.81822 63 39
73 51.96746 2.83809 64 39
74 52.44856 2.85021 64 40
75 52.92622 2.86472 65 41
76 53.39642 2.87552 65 41
77 53.86460 2.89515 65 41
78 54.32348 2.91221 66 42
79 54.77894 2.92505 67 42
80 55.23078 2.93951 67 43
81 55.67880 2.95476 67 43
82 56.12234 2.96705 68 44
83 56.56378 2.97917 69 44
84 56.99846 2.98873 70 45
85 57.42788 3.00162 70 45
86 57.85478 3.01355 70 45
87 58.27750 3.02254 70 46
88 58.69738 3.03281 71 47
89 59.10860 3.04283 72 47
90 59.51992 3.05518 72 47
91 59.92066 3.06605 72 48
92 60.31920 3.07693 73 48
93 60.71344 3.08173 73 49
94 61.10456 3.09106 73 49
95 61.49664 3.09661 73 49
96 61.88520 3.10393 74 50
97 62.26668 3.11366 75 50
98 62.64414 3.11888 75 51
99 63.02108 3.12666 76 51
100 63.39464 3.13229 76 51
101 63.76160 3.14095 76 51
102 64.12622 3.14858 77 51
103 64.48520 3.15264 77 51
104 64.84112 3.15484 78 51
105 65.19126 3.15982 79 52
106 65.53762 3.16725 79 52
107 65.88184 3.17467 80 52
108 66.22338 3.17972 80 53
109 66.56176 3.18343 80 53
110 66.89688 3.18745 80 53
111 67.22788 3.18798 81 54
112 67.55786 3.18833 81 54
113 67.88508 3.19259 82 54
114 68.20444 3.19748 82 54
115 68.52260 3.20005 82 54
116 68.83604 3.19971 82 54
117 69.15064 3.20415 82 54
118 69.45732 3.20338 83 55
119 69.76286 3.20345 83 55
120 70.06452 3.20403 84 56
121 70.36148 3.20290 84 57
122 70.65704 3.20170 84 57
123 70.95358 3.20108 84 57
124 71.24458 3.20190 84 58
125 71.53106 3.20104 85 58
126 71.81392 3.20324 85 58
127 72.09526 3.20222 85 58
128 72.37216 3.20708 85 58
129 72.64906 3.20640 85 59
130 72.92578 3.20315 85 59
131 73.19746 3.20649 86 60
132 73.46348 3.20577 86 60
133 73.72912 3.20377 86 61
134 73.99224 3.20054 86 61
135 74.25178 3.19862 87 61
136 74.50948 3.19679 87 61
137 74.76460 3.19586 87 61
138 75.02064 3.19535 87 62
139 75.26936 3.19348 88 62
140 75.51664 3.19141 88 62
141 75.76096 3.18891 88 62
142 76.00300 3.18507 88 62
143 76.24220 3.18377 88 62
144 76.48136 3.17939 88 63
145 76.71588 3.17622 89 63
146 76.94824 3.17294 89 63
147 77.17634 3.16887 89 63
148 77.40450 3.16404 90 63
149 77.63026 3.16087 90 63
150 77.85440 3.15616 90 63
151 78.07740 3.14990 90 64
152 78.30318 3.14725 90 65
153 78.52018 3.14552 90 65
154 78.73624 3.13835 90 65
155 78.94886 3.13376 90 65
156 79.16042 3.12748 90 66
157 79.36984 3.11982 91 67
158 79.57698 3.11551 91 67
159 79.78190 3.10900 91 67
160 79.98242 3.10280 91 67
161 80.18306 3.09676 91 67
162 80.37874 3.09167 91 67
163 80.57488 3.08676 91 68
164 80.76708 3.08196 92 68
165 80.95906 3.07487 93 68
166 81.15066 3.07041 93 68
167 81.34068 3.06479 94 68
168 81.52510 3.06033 94 68
169 81.70896 3.05396 94 68
170 81.89424 3.04445 94 69
171 82.07682 3.03494 94 69
172 82.25824 3.02677 94 69
173 82.43562 3.02222 94 70
174 82.61138 3.01397 94 70
175 82.78516 3.00411 94 70
176 82.95646 2.99504 94 70
177 83.12742 2.98945 94 70
178 83.29606 2.97994 94 71
179 83.46030 2.97163 94 72
180 83.62406 2.96513 94 72
181 83.78812 2.95864 94 72
182 83.95056 2.95284 95 72
183 84.11530 2.94437 95 72
184 84.27308 2.93772 95 72
185 84.43288 2.93189 95 72
186 84.58734 2.92588 95 72
187 84.73974 2.91993 96 72
188 84.89446 2.91071 96 72
189 85.04514 2.90159 96 73
190 85.19426 2.89288 96 73
191 85.34316 2.88644 96 73
192 85.49098 2.87915 96 73
193 85.63342 2.87271 96 73
194 85.78096 2.86497 97 73
195 85.92398 2.85834 97 73
196 86.06416 2.85062 97 73
197 86.20362 2.84366 97 73
198 86.34314 2.83853 97 73
199 86.47976 2.82956 97 74
200 86.61602 2.82078 97 74
201 86.75074 2.81411 97 75
202 86.87988 2.80463 97 75
203 87.01164 2.79675 97 75
204 87.13856 2.79144 98 75
205 87.26968 2.78269 98 75
206 87.39900 2.77540 98 75
207 87.52238 2.76814 98 75
208 87.64726 2.76117 98 75
209 87.76836 2.75515 98 75
210 87.89010 2.74807 98 75
211 88.00782 2.74097 98 75
212 88.12762 2.73199 98 76
213 88.25062 2.72240 98 76
214 88.36838 2.71458 98 76
215 88.48640 2.70490 98 76
216 88.60166 2.69376 98 76
217 88.71590 2.68408 98 76
218 88.82738 2.67494 98 76
219 88.94128 2.66741 98 76
220 89.05098 2.65914 98 76
221 89.16040 2.64810 99 76
222 89.27030 2.63726 99 76
223 89.37864 2.62859 99 77
224 89.48582 2.62015 99 78
225 89.59014 2.61014 99 78
226 89.69292 2.60215 99 78
227 89.79460 2.59167 99 78
228 89.89606 2.58371 99 78
229 89.99762 2.57352 99 78
230 90.09658 2.56529 99 78
231 90.19486 2.55671 99 78
232 90.29296 2.54919 100 78
233 90.39244 2.54074 100 78
234 90.48940 2.53242 100 78
235 90.58392 2.52495 100 78
236 90.67698 2.51663 100 78
237 90.76818 2.50810 100 78
238 90.86002 2.50042 100 78
239 90.95274 2.49169 100 78
240 91.04280 2.48232 100 79
241 91.13336 2.47601 100 79
242 91.22266 2.46915 100 79
243 91.30916 2.46323 100 79
244 91.39730 2.45226 100 79
245 91.48250 2.44157 100 79
246 91.56720 2.43390 100 79
247 91.65108 2.42388 100 79
248 91.73416 2.41616 100 79
249 91.81744 2.40937 100 79
250 91.89844 2.40090 100 79
251 91.97882 2.39361 100 79
252 92.05952 2.38571 100 80
253 92.13866 2.37694 100 80
254 92.21648 2.36838 100 80
255 92.29320 2.36193 100 80
256 92.36908 2.35389 100 80
257 92.44598 2.34288 100 80
258 92.52170 2.33462 100 80
259 92.59632 2.32533 100 80
260 92.67100 2.31669 100 80
261 92.74378 2.30776 100 80
262 92.81662 2.29862 100 81
263 92.88822 2.28947 100 81
264 92.95924 2.27950 100 81
265 93.02956 2.27086 100 81
266 93.10044 2.26426 100 81
267 93.16790 2.25657 100 81
268 93.23542 2.24967 100 81
269 93.30276 2.24055 100 82
270 93.36826 2.23269 100 82
271 93.43552 2.22356 100 82
272 93.50098 2.21484 100 82
273 93.56552 2.20552 100 82
274 93.62946 2.19525 100 82
275 93.69206 2.18665 100 82
276 93.75526 2.17780 100 82
277 93.81662 2.17096 100 82
278 93.87958 2.16259 100 82
279 93.94298 2.15441 100 82
280 94.00304 2.14629 100 82
281 94.06362 2.13805 100 82
282 94.12200 2.12880 100 82
283 94.18114 2.12239 100 82
284 94.23848 2.11574 100 82
285 94.29676 2.10745 100 82
286 94.35298 2.09855 100 82
287 94.40892 2.08981 100 82
288 94.46454 2.08169 100 82
289 94.51990 2.07377 100 82
290 94.57360 2.06819 100 82
291 94.62676 2.06007 100 82
292 94.68076 2.05223 100 82
293 94.73552 2.04253 100 82
294 94.78848 2.03634 100 82
295 94.84018 2.02782 100 82
296 94.89172 2.02059 100 82
297 94.94404 2.01079 100 83
298 94.99506 2.00314 100 84
299 95.04472 1.99408 100 84
300 95.09310 1.98559 100 84
301 95.14100 1.97697 100 84
302 95.18924 1.96805 100 84
303 95.23786 1.95943 100 84
304 95.28344 1.95114 100 84
305 95.33128 1.94267 100 85
306 95.37804 1.93497 100 85
307 95.42484 1.92624 100 85
308 95.47100 1.91839 100 85
309 95.51776 1.90968 100 85
310 95.56310 1.90165 100 85
311 95.60680 1.89489 100 85
312 95.65004 1.88633 100 86
313 95.69368 1.87870 100 86
314 95.73682 1.87077 100 86
315 95.77952 1.86376 100 86
316 95.82178 1.85788 100 86
317 95.86258 1.85005 100 86
318 95.90308 1.84272 100 86
319 95.94350 1.83430 100 86
320 95.98380 1.82525 100 87
321 96.02420 1.81832 100 87
322 96.06402 1.80924 100 88
323 96.10304 1.80278 100 88
324 96.14252 1.79548 100 88
325 96.17934 1.78690 100 88
326 96.21860 1.77944 100 88
327 96.25690 1.77140 100 88
328 96.29568 1.76312 100 88
329 96.33160 1.75700 100 88
330 96.36850 1.74876 100 88
331 96.40404 1.74174 100 88
332 96.43916 1.73326 100 88
333 96.47432 1.72697 100 88
334 96.50956 1.71982 100 88
335 96.54460 1.71341 100 88
336 96.57976 1.70499 100 88
337 96.61488 1.69607 100 88
338 96.64738 1.68818 100 88
339 96.68076 1.68044 100 88
340 96.71408 1.67334 100 88
341 96.74746 1.66670 100 88
342 96.77996 1.66053 100 88
343 96.81158 1.65525 100 88
344 96.84352 1.64809 100 88
345 96.87576 1.63963 100 88
346 96.90708 1.63145 100 88
347 96.93884 1.62281 100 88
348 96.96866 1.61522 100 88
349 96.99800 1.60787 100 88
350 97.02860 1.60101 100 88
351 97.05814 1.59398 100 88
352 97.08816 1.58755 100 88
353 97.11712 1.58122 100 88
354 97.14532 1.57489 100 88
355 97.17396 1.56841 100 88
356 97.20208 1.56190 100 88
357 97.23008 1.55553 100 88
358 97.25704 1.54862 100 89
359 97.28398 1.54202 100 89
360 97.31178 1.53536 100 89
361 97.33890 1.52933 100 89
362 97.36478 1.52254 100 89
363 97.39092 1.51649 100 89
364 97.41632 1.51035 100 89
365 97.44308 1.50296 100 89
366 97.46952 1.49587 100 89
367 97.49462 1.49054 100 89
368 97.51970 1.48442 100 89
369 97.54562 1.47904 100 89
370 97.57102 1.47273 100 89
371 97.59438 1.46628 100 89
372 97.61770 1.45961 100 89
373 97.64200 1.45322 100 89
374 97.66450 1.44648 100 89
375 97.68856 1.43954 100 89
376 97.71172 1.43328 100 89
377 97.73420 1.42645 100 89
378 97.75638 1.42062 100 90
379 97.77864 1.41526 100 90
380 97.80162 1.40935 100 90
381 97.82328 1.40230 100 90
382 97.84510 1.39660 100 90
383 97.86634 1.39058 100 90
384 97.88674 1.38422 100 90
385 97.90836 1.37768 100 90
386 97.92890 1.37099 100 90
387 97.94860 1.36509 100 90
388 97.96962 1.35924 100 90
389 97.98990 1.35308 100 90
390 98.00958 1.34732 100 91
391 98.02960 1.34213 100 91
392 98.04884 1.33570 100 91
393 98.06898 1.32831 100 91
394 98.08706 1.32334 100 91
395 98.10572 1.31832 100 91
396 98.12336 1.31221 100 92
397 98.14280 1.30622 100 92
398 98.16268 1.30008 100 92
399 98.18160 1.29396 100 92
400 98.19924 1.28716 100 92
401 98.21680 1.28103 100 92
402 98.23428 1.27582 100 92
403 98.25212 1.27002 100 92
404 98.27004 1.26353 100 92
405 98.28596 1.25745 100 92
406 98.30324 1.25036 100 92
407 98.31870 1.24563 100 92
408 98.33558 1.24037 100 92
409 98.35168 1.23439 100 92
410 98.36792 1.22865 100 92
411 98.38394 1.22332 100 92
412 98.39958 1.21830 100 92
413 98.41628 1.21197 100 92
414 98.43324 1.20539 100 92
415 98.44920 1.19899 100 92
416 98.46468 1.19384 100 92
417 98.48118 1.18832 100 92
418 98.49644 1.18354 100 92
419 98.51284 1.17814 100 92
420 98.52788 1.17191 100 92
421 98.54236 1.16667 100 92
422 98.55684 1.16043 100 92
423 98.57148 1.15473 100 92
424 98.58590 1.14883 100 92
425 98.60046 1.14239 100 92
426 98.61374 1.13707 100 92
427 98.62778 1.13154 100 92
428 98.64246 1.12595 100 92
429 98.65530 1.12007 100 92
430 98.66862 1.11502 100 92
431 98.68170 1.11012 100 92
432 98.69562 1.10435 100 92
433 98.70818 1.10008 100 92
434 98.72114 1.09556 100 92
435 98.73458 1.09054 100 92
436 98.74800 1.08521 100 92
437 98.76008 1.08060 100 92
438 98.77148 1.07663 100 92
439 98.78364 1.07188 100 92
440 98.79634 1.06627 100 92
441 98.80826 1.06081 100 92
442 98.81998 1.05514 100 93
443 98.83126 1.04950 100 93
444 98.84306 1.04450 100 93
445 98.85472 1.03884 100 93
446 98.86630 1.03402 100 93
447 98.87724 1.02872 100 93
448 98.88862 1.02424 100 93
449 98.89940 1.01909 100 93
450 98.91096 1.01357 100 93
451 98.92230 1.00819 100 93
452 98.93378 1.00205 100 93
453 98.94406 0.99767 100 93
454 98.95376 0.99251 100 93
455 98.96386 0.98814 100 93
456 98.97414 0.98324 100 93
457 98.98454 0.97769 100 93
458 98.99464 0.97320 100 93
459 99.00382 0.96850 100 93
460 99.01362 0.96340 100 93
461 99.02356 0.95895 100 93
462 99.03334 0.95449 100 93
463 99.04340 0.94998 100 93
464 99.05262 0.94547 100 93
465 99.06242 0.94099 100 93
466 99.07152 0.93696 100 93
467 99.08064 0.93319 100 94
468 99.08922 0.92887 100 94
469 99.09806 0.92476 100 94
470 99.10706 0.91977 100 94
471 99.11618 0.91519 100 94
472 99.12480 0.91069 100 94
473 99.13324 0.90774 100 94
474 99.14188 0.90295 100 94
475 99.15012 0.89849 100 94
476 99.15896 0.89408 100 94
477 99.16768 0.88944 100 94
478 99.17624 0.88510 100 94
479 99.18364 0.88114 100 94
480 99.19182 0.87695 100 94
481 99.19962 0.87303 100 94
482 99.20740 0.86852 100 94
483 99.21564 0.86484 100 94
484 99.22288 0.86161 100 94
485 99.23034 0.85798 100 94
486 99.23814 0.85354 100 94
487 99.24560 0.84960 100 94
488 99.25304 0.84545 100 94
489 99.26110 0.84115 100 94
490 99.26886 0.83742 100 94
491 99.27652 0.83364 100 94
492 99.28386 0.82954 100 94
493 99.29068 0.82537 100 94
494 99.29772 0.82145 100 94
495 99.30438 0.81792 100 94
496 99.31152 0.81376 100 94
497 99.31846 0.80975 100 94
498 99.32614 0.80572 100 94
499 99.33294 0.80176 100 94
500 99.34060 0.79742 100 94
501 99.34644 0.79443 100 94
502 99.35290 0.79058 100 94
503 99.35918 0.78597 100 95
504 99.36608 0.78189 100 95
505 99.37200 0.77863 100 95
506 99.37858 0.77454 100 95
507 99.38478 0.77034 100 95
508 99.39038 0.76707 100 95
509 99.39648 0.76285 100 95
510 99.40230 0.75949 100 95
511 99.40824 0.75620 100 95
512 99.41382 0.75229 100 95
513 99.41988 0.74851 100 95
514 99.42536 0.74480 100 95
515 99.43102 0.74103 100 95
516 99.43704 0.73735 100 95
517 99.44270 0.73352 100 95
518 99.44852 0.72974 100 95
519 99.45410 0.72610 100 95
520 99.45946 0.72250 100 95
521 99.46516 0.71897 100 95
522 99.47062 0.71559 100 95
523 99.47578 0.71239 100 95
524 99.48086 0.70869 100 95
525 99.48600 0.70550 100 95
526 99.49066 0.70208 100 95
527 99.49560 0.69839 100 95
528 99.50008 0.69585 100 95
529 99.50452 0.69287 100 95
530 99.50916 0.68976 100 95
531 99.51350 0.68713 100 95
532 99.51852 0.68372 100 95
533 99.52378 0.68015 100 95
534 99.52850 0.67702 100 95
535 99.53354 0.67362 100 95
536 99.53794 0.67056 100 95
537 99.54304 0.66708 100 95
538 99.54746 0.66429 100 95
539 99.55188 0.66112 100 95
540 99.55638 0.65826 100 95
541 99.56062 0.65456 100 95
542 99.56516 0.65082 100 95
543 99.56960 0.64765 100 95
544 99.57376 0.64415 100 95
545 99.57822 0.64038 100 95
546 99.58248 0.63725 100 95
547 99.58664 0.63389 100 95
548 99.59058 0.63065 100 96
549 99.59460 0.62803 100 96
550 99.59884 0.62418 100 96
551 99.60262 0.62177 100 96
552 99.60670 0.61853 100 96
553 99.61100 0.61505 100 96
554 99.61456 0.61247 100 96
555 99.61826 0.60928 100 96
556 99.62240 0.60593 100 96
557 99.62624 0.60295 100 96
558 99.63010 0.60020 100 96
559 99.63410 0.59701 100 96
560 99.63740 0.59458 100 96
561 99.64082 0.59172 100 96
562 99.64446 0.58881 100 96
563 99.64782 0.58597 100 96
564 99.65152 0.58279 100 96
565 99.65504 0.58021 100 96
566 99.65804 0.57792 100 96
567 99.66140 0.57480 100 96
568 99.66486 0.57235 100 96
569 99.66836 0.56919 100 96
570 99.67152 0.56652 100 96
571 99.67486 0.56348 100 96
572 99.67812 0.56075 100 96
573 99.68146 0.55778 100 96
574 99.68494 0.55448 100 96
575 99.68770 0.55250 100 96
576 99.69112 0.54947 100 96
577 99.69388 0.54708 100 96
578 99.69714 0.54419 100 96
579 99.70004 0.54103 100 96
580 99.70300 0.53836 100 96
581 99.70576 0.53586 100 96
582 99.70884 0.53306 100 96
583 99.71202 0.52996 100 96
584 99.71468 0.52733 100 96
585 99.71746 0.52513 100 96
586 99.71998 0.52297 100 96
587 99.72310 0.51995 100 96
588 99.72598 0.51724 100 96
589 99.72880 0.51456 100 96
590 99.73106 0.51250 100 96
591 99.73398 0.50953 100 96
592 99.73694 0.50694 100 96
593 99.73974 0.50451 100 96
594 99.74258 0.50172 100 96
595 99.74516 0.49942 100 96
596 99.74766 0.49714 100 97
597 99.75002 0.49471 100 97
598 99.75222 0.49233 100 97
599 99.75436 0.49001 100 97
600 99.75692 0.48748 100 97
601 99.75950 0.48500 100 97
602 99.76154 0.48287 100 97
603 99.76350 0.48105 100 97
604 99.76600 0.47851 100 97
605 99.76820 0.47640 100 97
606 99.77062 0.47385 100 97
607 99.77272 0.47162 100 97
608 99.77502 0.46922 100 97
609 99.77734 0.46683 100 97
610 99.77932 0.46461 100 97
611 99.78154 0.46215 100 97
612 99.78366 0.45998 100 97
613 99.78582 0.45777 100 97
614 99.78772 0.45592 100 97
615 99.78986 0.45377 100 97
616 99.79214 0.45106 100 97
617 99.79448 0.44874 100 97
618 99.79654 0.44648 100 97
619 99.79860 0.44434 100 97
620 99.80082 0.44199 100 97
621 99.80270 0.44020 100 97
622 99.80446 0.43807 100 97
623 99.80646 0.43585 100 97
624 99.80870 0.43362 100 97
625 99.81058 0.43126 100 97
626 99.81264 0.42912 100 97
627 99.81486 0.42660 100 97
628 99.81654 0.42488 100 97
629 99.81826 0.42275 100 97
630 99.81982 0.42109 100 97
631 99.82180 0.41896 100 97
632 99.82344 0.41703 100 97
633 99.82520 0.41517 100 97
634 99.82702 0.41316 100 97
635 99.82868 0.41106 100 97
636 99.83024 0.40918 100 97
637 99.83176 0.40726 100 97
638 99.83328 0.40542 100 97
639 99.83486 0.40333 100 97
640 99.83642 0.40118 100 97
641 99.83788 0.39925 100 97
642 99.83924 0.39764 100 97
643 99.84066 0.39602 100 97
644 99.84210 0.39437 100 97
645 99.84380 0.39243 100 97
646 99.84556 0.39032 100 97
647 99.84700 0.38868 100 97
648 99.84832 0.38714 100 97
649 99.84970 0.38568 100 97
650 99.85098 0.38405 100 97
651 99.85260 0.38220 100 97
652 99.85382 0.38091 100 97
653 99.85506 0.37928 100 97
654 99.85640 0.37771 100 97
655 99.85820 0.37525 100 97
656 99.85936 0.37350 100 97
657 99.86074 0.37163 100 97
658 99.86212 0.36975 100 97
659 99.86352 0.36793 100 97
660 99.86518 0.36558 100 97
661 99.86660 0.36355 100 97
662 99.86798 0.36160 100 97
663 99.86930 0.36008 100 97
664 99.87054 0.35831 100 97
665 99.87188 0.35663 100 97
666 99.87326 0.35457 100 97
667 99.87444 0.35270 100 97
668 99.87564 0.35108 100 97
669 99.87692 0.34959 100 97
670 99.87818 0.34777 100 97
671 99.87954 0.34605 100 97
672 99.88070 0.34437 100 97
673 99.88194 0.34235 100 97
674 99.88328 0.34050 100 97
675 99.88432 0.33909 100 97
676 99.88542 0.33730 100 97
677 99.88642 0.33562 100 97
678 99.88774 0.33350 100 97
679 99.88884 0.33185 100 97
680 99.88996 0.33011 100 97
681 99.89110 0.32846 100 97
682 99.89244 0.32624 100 97
683 99.89348 0.32474 100 97
684 99.89426 0.32354 100 97
685 99.89552 0.32163 100 97
686 99.89632 0.32046 100 97
687 99.89756 0.31841 100 97
688 99.89864 0.31668 100 97
689 99.89968 0.31512 100 97
690 99.90076 0.31342 100 97
691 99.90172 0.31200 100 97
692 99.90278 0.31011 100 97
693 99.90374 0.30854 100 97
694 99.90480 0.30669 100 97
695 99.90562 0.30541 100 97
696 99.90664 0.30352 100 97
697 99.90762 0.30187 100 97
698 99.90844 0.30056 100 97
699 99.90922 0.29943 100 97
700 99.91012 0.29786 100 97
701 99.91108 0.29634 100 97
702 99.91182 0.29524 100 97
703 99.91292 0.29336 100 97
704 99.91390 0.29163 100 97
705 99.91494 0.28994 100 97
706 99.91558 0.28861 100 97
707 99.91672 0.28675 100 97
708 99.91760 0.28505 100 97
709 99.91844 0.28360 100 97
710 99.91948 0.28185 100 97
711 99.92020 0.28063 100 97
712 99.92106 0.27912 100 97
713 99.92146 0.27845 100 97
714 99.92232 0.27700 100 97
715 99.92326 0.27520 100 97
716 99.92406 0.27345 100 97
717 99.92492 0.27189 100 97
718 99.92574 0.27016 100 97
719 99.92670 0.26842 100 97
720 99.92748 0.26702 100 97
721 99.92810 0.26588 100 97
722 99.92882 0.26464 100 97
723 99.92932 0.26368 100 97
724 99.93004 0.26227 100 97
725 99.93084 0.26065 100 97
726 99.93140 0.25941 100 97
727 99.93208 0.25828 100 97
728 99.93278 0.25695 100 97
729 99.93342 0.25579 100 97
730 99.93412 0.25452 100 97
731 99.93460 0.25362 100 97
732 99.93516 0.25258 100 97
733 99.93582 0.25136 100 97
734 99.93652 0.25014 100 97
735 99.93712 0.24901 100 97
736 99.93766 0.24798 100 97
737 99.93816 0.24702 100 97
738 99.93866 0.24605 100 97
739 99.93924 0.24485 100 97
740 99.93972 0.24398 100 97
741 99.94030 0.24293 100 97
742 99.94064 0.24232 100 97
743 99.94122 0.24109 100 97
744 99.94184 0.23971 100 97
745 99.94230 0.23886 100 97
746 99.94290 0.23774 100 97
747 99.94344 0.23665 100 97
748 99.94390 0.23570 100 97
749 99.94444 0.23451 100 97
750 99.94500 0.23336 100 97
751 99.94560 0.23187 100 97
752 99.94620 0.23062 100 97
753 99.94674 0.22949 100 97
754 99.94726 0.22838 100 97
755 99.94778 0.22728 100 97
756 99.94818 0.22640 100 97
757 99.94870 0.22519 100 97
758 99.94918 0.22423 100 97
759 99.94966 0.22326 100 97
760 99.94998 0.22253 100 97
761 99.95068 0.22093 100 97
762 99.95114 0.21989 100 97
763 99.95148 0.21920 100 97
764 99.95182 0.21840 100 97
765 99.95232 0.21737 100 97
766 99.95278 0.21613 100 98
767 99.95326 0.21503 100 98
768 99.95384 0.21371 100 98
769 99.95444 0.21243 100 98
770 99.95496 0.21122 100 98
771 99.95532 0.21025 100 98
772 99.95562 0.20950 100 98
773 99.95610 0.20836 100 98
774 99.95640 0.20770 100 98
775 99.95704 0.20600 100 98
776 99.95746 0.20487 100 98
777 99.95770 0.20433 100 98
778 99.95834 0.20270 100 98
779 99.95886 0.20142 100 98
780 99.95926 0.20050 100 98
781 99.95974 0.19920 100 98
782 99.96006 0.19836 100 98
783 99.96050 0.19733 100 98
784 99.96086 0.19639 100 98
785 99.96136 0.19521 100 98
786 99.96180 0.19417 100 98
787 99.96224 0.19312 100 98
788 99.96264 0.19216 100 98
789 99.96296 0.19139 100 98
790 99.96338 0.19037 100 98
791 99.96372 0.18954 100 98
792 99.96402 0.18870 100 98
793 99.96438 0.18770 100 98
794 99.96482 0.18661 100 98
795 99.96514 0.18570 100 98
796 99.96532 0.18525 100 98
797 99.96566 0.18439 100 98
798 99.96586 0.18378 100 98
799 99.96620 0.18281 100 98
800 99.96636 0.18240 100 98
801 99.96668 0.18158 100 98
802 99.96700 0.18075 100 98
803 99.96740 0.17972 100 98
804 99.96762 0.17914 100 98
805 99.96810 0.17788 100 98
806 99.96836 0.17720 100 98
807 99.96868 0.17635 100 98
808 99.96908 0.17528 100 98
809 99.96934 0.17447 100 98
810 99.96970 0.17350 100 98
811 99.96998 0.17251 100 98
812 99.97026 0.17174 100 98
813 99.97042 0.17131 100 98
814 99.97074 0.17031 100 98
815 99.97110 0.16931 100 98
816 99.97134 0.16864 100 98
817 99.97176 0.16722 100 98
818 99.97216 0.16609 100 98
819 99.97248 0.16518 100 98
820 99.97274 0.16443 100 98
821 99.97306 0.16351 100 98
822 99.97334 0.16270 100 98
823 99.97360 0.16181 100 98
824 99.97386 0.16093 100 98
825 99.97418 0.15998 100 98
826 99.97430 0.15962 100 98
827 99.97448 0.15909 100 98
828 99.97478 0.15819 100 98
829 99.97506 0.15735 100 98
830 99.97520 0.15692 100 98
831 99.97538 0.15638 100 98
832 99.97554 0.15576 100 98
833 99.97576 0.15509 100 98
834 99.97596 0.15448 100 98
835 99.97624 0.15361 100 98
836 99.97650 0.15267 100 98
837 99.97678 0.15179 100 98
838 99.97704 0.15097 100 98
839 99.97726 0.15028 100 98
840 99.97738 0.14990 100 98
841 99.97754 0.14939 100 98
842 99.97780 0.14855 100 98
843 99.97810 0.14758 100 98
844 99.97844 0.14634 100 98
845 99.97868 0.14555 100 98
846 99.97904 0.14436 100 98
847 99.97924 0.14370 100 98
848 99.97950 0.14283 100 98
849 99.97978 0.14174 100 98
850 99.98006 0.14079 100 98
851 99.98028 0.14004 100 98
852 99.98042 0.13956 100 98
853 99.98056 0.13908 100 98
854 99.98080 0.13825 100 98
855 99.98098 0.13762 100 98
856 99.98118 0.13662 100 98
857 99.98138 0.13592 100 98
858 99.98152 0.13542 100 98
859 99.98174 0.13464 100 98
860 99.98184 0.13428 100 98
861 99.98202 0.13348 100 98
862 99.98216 0.13297 100 98
863 99.98226 0.13261 100 98
864 99.98238 0.13217 100 98
865 99.98256 0.13151 100 98
866 99.98270 0.13100 100 98
867 99.98294 0.13011 100 98
868 99.98316 0.12929 100 98
869 99.98336 0.12854 100 98
870 99.98348 0.12809 100 98
871 99.98362 0.12756 100 98
872 99.98378 0.12695 100 98
873 99.98398 0.12619 100 98
874 99.98406 0.12588 100 98
875 99.98428 0.12503 100 98
876 99.98456 0.12394 100 98
877 99.98466 0.12355 100 98
878 99.98478 0.12308 100 98
879 99.98488 0.12252 100 98
880 99.98500 0.12205 100 98
881 99.98510 0.12165 100 98
882 99.98528 0.12076 100 98
883 99.98542 0.12020 100 98
884 99.98552 0.11979 100 98
885 99.98566 0.11923 100 98
886 99.98576 0.11882 100 98
887 99.98592 0.11816 100 98
888 99.98606 0.11758 100 98
889 99.98622 0.11692 100 98
890 99.98628 0.11667 100 98
891 99.98644 0.11600 100 98
892 99.98662 0.11524 100 98
893 99.98674 0.11474 100 98
894 99.98682 0.11440 100 98
895 99.98700 0.11363 100 98
896 99.98718 0.11285 100 98
897 99.98732 0.11225 100 98
898 99.98748 0.11155 100 98
899 99.98754 0.11129 100 98
900 99.98770 0.11058 100 98
901 99.98778 0.11023 100 98
902 99.98788 0.10979 100 98
903 99.98804 0.10907 100 98
904 99.98824 0.10818 100 98
905 99.98842 0.10736 100 98
906 99.98852 0.10690 100 98
907 99.98870 0.10608 100 98
908 99.98886 0.10534 100 98
909 99.98900 0.10469 100 98
910 99.98906 0.10441 100 98
911 99.98914 0.10403 100 98
912 99.98920 0.10375 100 98
913 99.98922 0.10365 100 98
914 99.98930 0.10327 100 98
915 99.98944 0.10261 100 98
916 99.98960 0.10184 100 98
917 99.98966 0.10155 100 98
918 99.98978 0.10097 100 98
919 99.98986 0.10059 100 98
920 99.98994 0.10019 100 98
921 99.98998 0.10000 100 98
922 99.99002 0.09980 100 98
923 99.99008 0.09951 100 98
924 99.99016 0.09911 100 98
925 99.99022 0.09882 100 98
926 99.99032 0.09832 100 98
927 99.99034 0.09822 100 98
928 99.99044 0.09772 100 98
929 99.99056 0.09711 100 98
930 99.99062 0.09681 100 98
931 99.99074 0.09620 100 98
932 99.99092 0.09528 100 98
933 99.99096 0.09507 100 98
934 99.99108 0.09445 100 98
935 99.99116 0.09403 100 98
936 99.99122 0.09372 100 98
937 99.99128 0.09340 100 98
938 99.99136 0.09298 100 98
939 99.99144 0.09234 100 98
940 99.99150 0.09202 100 98
941 99.99154 0.09181 100 98
942 99.99160 0.09149 100 98
943 99.99164 0.09127 100 98
944 99.99168 0.09105 100 98
945 99.99172 0.09084 100 98
946 99.99186 0.09008 100 98
947 99.99192 0.08975 100 98
948 99.99204 0.08909 100 98
949 99.99216 0.08842 100 98
950 99.99228 0.08775 100 98
951 99.99234 0.08742 100 98
952 99.99244 0.08685 100 98
953 99.99254 0.08628 100 98
954 99.99254 0.08628 100 98
955 99.99256 0.08617 100 98
956 99.99268 0.08548 100 98
957 99.99284 0.08455 100 98
958 99.99290 0.08420 100 98
959 99.99296 0.08385 100 98
960 99.99304 0.08338 100 98
961 99.99314 0.08278 100 98
962 99.99320 0.08243 100 98
963 99.99330 0.08182 100 98
964 99.99338 0.08134 100 98
965 99.99340 0.08122 100 98
966 99.99344 0.08098 100 98
967 99.99354 0.08036 100 98
968 99.99362 0.07987 100 98
969 99.99378 0.07888 100 98
970 99.99384 0.07850 100 98
971 99.99392 0.07799 100 98
972 99.99400 0.07749 100 98
973 99.99408 0.07697 100 98
974 99.99414 0.07659 100 98
975 99.99424 0.07594 100 98
976 99.99432 0.07542 100 98
977 99.99440 0.07489 100 98
978 99.99452 0.07410 100 98
979 99.99466 0.07315 100 98
980 99.99472 0.07275 100 98
981 99.99476 0.07248 100 98
982 99.99478 0.07234 100 98
983 99.99490 0.07151 100 98
984 99.99496 0.07110 100 98
985 99.99506 0.07040 100 98
986 99.99514 0.06983 100 98
987 99.99520 0.06941 100 98
988 99.99524 0.06912 100 98
989 99.99530 0.06869 100 98
990 99.99536 0.06825 100 98
991 99.99538 0.06811 100 98
992 99.99542 0.06782 100 98
993 99.99544 0.06767 100 98
994 99.99548 0.06738 100 98
995 99.99552 0.06708 100 98
996 99.99554 0.06693 100 98
997 99.99560 0.06649 100 98
998 99.99572 0.06559 100 98
999 99.99578 0.06513 100 98
1000 99.99584 0.06467 100 98
1001 99.99586 0.06452 100 98
1002 99.99592 0.06406 100 98
1003 99.99600 0.06344 100 98
1004 99.99604 0.06312 100 98
1005 99.99612 0.06249 100 98
1006 99.99620 0.06185 100 98
1007 99.99620 0.06185 100 98
1008 99.99622 0.06169 100 98
1009 99.99628 0.06121 100 98
1010 99.99632 0.06088 100 98
1011 99.99636 0.06055 100 98
1012 99.99642 0.06006 100 98
1013 99.99644 0.05989 100 98
1014 99.99646 0.05973 100 98
1015 99.99650 0.05940 100 98
1016 99.99656 0.05889 100 98
1017 99.99658 0.05872 100 98
1018 99.99662 0.05838 100 98
1019 99.99668 0.05787 100 98
1020 99.99670 0.05770 100 98
1021 99.99678 0.05701 100 98
1022 99.99680 0.05683 100 98
1023 99.99684 0.05648 100 98
1024 99.99684 0.05648 100 98
1025 99.99688 0.05613 100 98
1026 99.99690 0.05595 100 98
1027 99.99692 0.05577 100 98
1028 99.99694 0.05559 100 98
1029 99.99696 0.05541 100 98
1030 99.99696 0.05541 100 98
1031 99.99698 0.05524 100 98
1032 99.99702 0.05487 100 98
1033 99.99704 0.05469 100 98
1034 99.99704 0.05469 100 98
1035 99.99708 0.05433 100 98
1036 99.99710 0.05414 100 98
1037 99.99710 0.05414 100 98
1038 99.99714 0.05378 100 98
1039 99.99720 0.05322 100 98
1040 99.99720 0.05322 100 98
1041 99.99726 0.05265 100 98
1042 99.99726 0.05265 100 98
1043 99.99726 0.05265 100 98
1044 99.99730 0.05228 100 98
1045 99.99732 0.05209 100 98
1046 99.99736 0.05170 100 98
1047 99.99742 0.05112 100 98
1048 99.99742 0.05112 100 98
1049 99.99742 0.05112 100 98
1050 99.99742 0.05112 100 98
1051 99.99742 0.05112 100 98
1052 99.99742 0.05112 100 98
1053 99.99742 0.05112 100 98
1054 99.99750 0.05034 100 98
1055 99.99752 0.05014 100 98
1056 99.99754 0.04994 100 98
1057 99.99756 0.04974 100 98
1058 99.99756 0.04974 100 98
1059 99.99758 0.04954 100 98
1060 99.99762 0.04914 100 98
1061 99.99764 0.04893 100 98
1062 99.99764 0.04893 100 98
1063 99.99764 0.04893 100 98
1064 99.99766 0.04873 100 98
1065 99.99766 0.04873 100 98
1066 99.99768 0.04852 100 98
1067 99.99768 0.04852 100 98
1068 99.99778 0.04749 100 98
1069 99.99780 0.04728 100 98
1070 99.99786 0.04664 100 98
1071 99.99788 0.04643 100 98
1072 99.99788 0.04643 100 98
1073 99.99788 0.04643 100 98
1074 99.99792 0.04600 100 98
1075 99.99792 0.04600 100 98
1076 99.99792 0.04600 100 98
1077 99.99794 0.04578 100 98
1078 99.99798 0.04534 100 98
1079 99.99804 0.04468 100 98
1080 99.99808 0.04423 100 98
1081 99.99814 0.04355 100 98
1082 99.99820 0.04286 100 98
1083 99.99822 0.04262 100 98
1084 99.99824 0.04239 100 98
1085 99.99824 0.04239 100 98
1086 99.99828 0.04192 100 98
1087 99.99832 0.04144 100 98
1088 99.99836 0.04096 100 98
1089 99.99838 0.04071 100 98
1090 99.99842 0.04022 100 98
1091 99.99844 0.03997 100 98
1092 99.99844 0.03997 100 98
1093 99.99848 0.03947 100 98
1094 99.99848 0.03947 100 98
1095 99.99848 0.03947 100 98
1096 99.99850 0.03921 100 98
1097 99.99854 0.03870 100 98
1098 99.99854 0.03870 100 98
1099 99.99854 0.03870 100 98
1100 99.99856 0.03844 100 98
1101 99.99856 0.03844 100 98
1102 99.99856 0.03844 100 98
1103 99.99858 0.03818 100 98
1104 99.99860 0.03792 100 98
1105 99.99860 0.03792 100 98
1106 99.99864 0.03739 100 98
1107 99.99868 0.03685 100 98
1108 99.99870 0.03658 100 98
1109 99.99870 0.03658 100 98
1110 99.99870 0.03658 100 98
1111 99.99872 0.03631 100 98
1112 99.99874 0.03603 100 98
1113 99.99874 0.03603 100 98
1114 99.99882 0.03491 100 98
1115 99.99884 0.03462 100 98
1116 99.99884 0.03462 100 98
1117 99.99886 0.03433 100 98
1118 99.99886 0.03433 100 98
1119 99.99892 0.03345 100 98
1120 99.99892 0.03345 100 98
1121 99.99892 0.03345 100 98
1122 99.99894 0.03315 100 98
1123 99.99896 0.03285 100 98
1124 99.99896 0.03285 100 98
1125 99.99898 0.03254 100 98
1126 99.99898 0.03254 100 98
1127 99.99898 0.03254 100 98
1128 99.99902 0.03192 100 98
1129 99.99904 0.03161 100 98
1130 99.99904 0.03161 100 98
1131 99.99904 0.03161 100 98
1132 99.99906 0.03129 100 98
1133 99.99908 0.03097 100 98
1134 99.99908 0.03097 100 98
1135 99.99908 0.03097 100 98
1136 99.99910 0.03065 100 98
1137 99.99912 0.03032 100 98
1138 99.99914 0.02999 100 98
1139 99.99914 0.02999 100 98
1140 99.99916 0.02965 100 98
1141 99.99916 0.02965 100 98
1142 99.99918 0.02931 100 98
1143 99.99918 0.02931 100 98
1144 99.99918 0.02931 100 98
1145 99.99918 0.02931 100 98
1146 99.99920 0.02897 100 98
1147 99.99922 0.02863 100 98
1148 99.99922 0.02863 100 98
1149 99.99926 0.02792 100 98
1150 99.99928 0.02756 100 98
1151 99.99928 0.02756 100 98
1152 99.99928 0.02756 100 98
1153 99.99928 0.02756 100 98
1154 99.99930 0.02719 100 98
1155 99.99930 0.02719 100 98
1156 99.99932 0.02682 100 98
1157 99.99934 0.02645 100 98
1158 99.99934 0.02645 100 98
1159 99.99938 0.02568 100 98
1160 99.99938 0.02568 100 98
1161 99.99938 0.02568 100 98
1162 99.99942 0.02489 100 98
1163 99.99942 0.02489 100 98
1164 99.99942 0.02489 100 98
1165 99.99946 0.02408 100 98
1166 99.99946 0.02408 100 98
1167 99.99946 0.02408 100 98
1168 99.99946 0.02408 100 98
1169 99.99948 0.02366 100 98
1170 99.99950 0.02323 100 98
1171 99.99950 0.02323 100 98
1172 99.99952 0.02280 100 98
1173 99.99952 0.02280 100 98
1174 99.99954 0.02236 100 98
1175 99.99956 0.02190 100 98
1176 99.99956 0.02190 100 98
1177 99.99956 0.02190 100 98
1178 99.99958 0.02144 100 98
1179 99.99958 0.02144 100 98
1180 99.99960 0.02000 100 99
1181 99.99960 0.02000 100 99
1182 99.99960 0.02000 100 99
1183 99.99960 0.02000 100 99
1184 99.99962 0.01949 100 99
1185 99.99962 0.01949 100 99
1186 99.99962 0.01949 100 99
1187 99.99964 0.01897 100 99
1188 99.99964 0.01897 100 99
1189 99.99964 0.01897 100 99
1190 99.99964 0.01897 100 99
1191 99.99964 0.01897 100 99
1192 99.99964 0.01897 100 99
1193 99.99964 0.01897 100 99
1194 99.99964 0.01897 100 99
1195 99.99964 0.01897 100 99
1196 99.99964 0.01897 100 99
1197 99.99964 0.01897 100 99
1198 99.99964 0.01897 100 99
1199 99.99964 0.01897 100 99
1200 99.99964 0.01897 100 99
